Year                Month               DOM                 INTER               TOTAL               
2002                10                  1,171,844           135,931             1,307,775           
2002                11                  1,091,289           114,887             1,206,176           
2002                12                  1,223,043           128,228             1,351,271           
2002                TOTAL               13,546,675          1,519,045           15,065,720          
2003                1                   978,873             120,063             1,098,936           
2003                2                   1,024,936           107,265             1,132,201           
2003                3                   1,199,815           129,463             1,329,278           
2003                4                   1,157,014           93,150              1,250,164           
2003                5                   1,163,848           122,498             1,286,346           
2003                6                   1,252,163           137,085             1,389,248           
2003                7                   1,349,534           146,083             1,495,617           
2003                8                   1,269,070           147,855             1,416,925           
2003                9                   1,085,813           137,858             1,223,671           
2003                10                  1,240,375           129,659             1,370,034           
2003                11                  1,143,617           108,428             1,252,045           
2003                12                  1,243,034           115,881             1,358,915           
2003                TOTAL               14,108,092          1,495,288           15,603,380          
2004                1                   974,268             108,207             1,082,475           
2004                2                   1,069,606           104,982             1,174,588           
2004                3                   1,298,862           136,602             1,435,464           
2004                4                   1,310,614           125,014             1,435,628           
2004                5                   1,258,115           154,565             1,412,680           
2004                6                   1,384,800           163,780             1,548,580           
2004                7                   1,449,208           168,038             1,617,246           
2004                8                   1,383,591           163,716             1,547,307           
2004                9                   1,184,722           155,248             1,339,970           
2004                10                  1,315,771           146,220             1,461,991           
2004                11                  1,257,157           120,687             1,377,844           
2004                12                  1,273,012           133,819             1,406,831           
2004                TOTAL               15,159,726          1,680,878           16,840,604          
2005                1                   1,083,038           125,151             1,208,189           
2005                2                   1,123,629           115,606             1,239,235           
2005                3                   1,433,891           154,448             1,588,339           
2005                4                   1,325,289           142,928             1,468,217           
2005                5                   1,372,460           168,368             1,540,828           
2005                6                   1,429,621           177,708             1,607,329           
2005                7                   1,482,708           178,668             1,661,376           
2005                8                   1,386,978           171,063             1,558,041           
2005                9                   1,232,604           161,939             1,394,543           
2005                10                  1,288,292           142,450             1,430,742           
2005                11                  1,226,054           122,579             1,348,633           
2005                12                  1,232,507           142,352             1,374,859           
2005                TOTAL               15,617,071          1,803,260           17,420,331          
2006                1                   1,103,371           136,153             1,239,524           
2006                2                   1,139,050           126,647             1,265,697           
2006                3                   1,363,982           167,792             1,531,774           
2006                4                   1,318,171           156,541             1,474,712           
2006                5                   1,362,512           167,379             1,529,891           
2006                6                   1,380,187           164,219             1,544,406           
2006                7                   1,405,847           161,577             1,567,424           
2006                8                   1,384,781           156,812             1,541,593           
2006                9                   1,220,284           150,501             1,370,785           
2006                10                  1,341,800           144,996             1,486,796           
2006                11                  1,287,985           127,428             1,415,413           
2006                12                  1,272,182           142,986             1,415,168           
2006                TOTAL               15,580,152          1,803,031           17,383,183          
2007                1                   1,130,721           135,453             1,266,174           
2007                2                   1,146,367           127,757             1,274,124           
2007                3                   1,386,511           169,342             1,555,853           
2007                4                   1,351,261           153,882             1,505,143           
2007                5                   1,372,117           164,620             1,536,737           
2007                6                   1,366,370           171,388             1,537,758           
2007                7                   1,405,941           169,631             1,575,572           
2007                8                   1,407,573           175,483             1,583,056           
2007                9                   1,200,159           159,119             1,359,278           
2007                10                  1,318,476           155,210             1,473,686           
2007                11                  1,256,578           135,904             1,392,482           
2007                12                  1,224,387           152,821             1,377,208           
2007                TOTAL               15,566,461          1,870,610           17,437,071          
2008                1                   1,138,102           145,246             1,283,348           
2008                2                   1,180,924           145,615             1,326,539           
2008                3                   1,377,064           188,232             1,565,296           
2008                4                   1,307,103           154,892             1,461,995           
2008                5                   1,343,517           174,733             1,518,250           
2008                6                   1,368,943           176,225             1,545,168           
2008                7                   1,396,322           169,861             1,566,183           
2008                8                   1,334,885           170,760             1,505,645           
2008                9                   1,127,917           156,814             1,284,731           
2008                10                  1,220,445           148,248             1,368,693           
2008                11                  1,108,330           122,765             1,231,095           
2008                12                  1,169,467           140,056             1,309,523           
2008                TOTAL               15,073,019          1,893,447           16,966,466          
2009                1                   1,011,762           125,433             1,137,195           
2009                2                   1,014,790           108,739             1,123,529           
2009                3                   1,206,435           129,809             1,336,244           
2009                4                   1,220,654           116,871             1,337,525           
2009                5                   1,184,207           113,956             1,298,163           
2009                6                   1,253,053           126,529             1,379,582           
2009                7                   1,294,686           124,126             1,418,812           
2009                8                   1,246,420           122,236             1,368,656           
2009                9                   1,065,809           112,565             1,178,374           
2009                10                  1,156,660           103,231             1,259,891           
2009                11                  1,061,254           87,618              1,148,872           
2009                12                  1,090,748           104,198             1,194,946           
2009                TOTAL               13,806,478          1,375,311           15,181,789          
2010                1                   978,151             99,246              1,077,397           
2010                2                   960,453             91,934              1,052,387           
2010                3                   1,213,980           119,637             1,333,617           
2010                4                   1,174,651           105,828             1,280,479           
2010                5                   1,212,309           120,297             1,332,606           
2010                6                   1,296,233           143,550             1,439,783           
2010                7                   1,343,343           139,564             1,482,907           
2010                8                   1,335,381           138,423             1,473,804           
2010                9                   1,142,543           121,177             1,263,720           
2010                10                  1,253,770           123,479             1,377,249           
2010                11                  1,145,298           103,902             1,249,200           
2010                12                  1,125,382           118,240             1,243,622           
2010                TOTAL               14,181,494          1,425,277           15,606,771          
2011                1                   997,821             111,567             1,109,388           
2011                2                   939,858             90,485              1,030,343           
2011                3                   1,235,293           120,707             1,356,000           
2011                4                   1,161,321           117,817             1,279,138           
2011                5                   1,210,040           132,356             1,342,396           
2011                6                   1,285,595           148,736             1,434,331           
2011                7                   1,363,116           150,445             1,513,561           
2011                8                   1,329,728           152,330             1,482,058           
2011                9                   1,152,936           124,306             1,277,242           
2011                10                  1,242,541           120,213             1,362,754           
2011                11                  1,164,409           103,719             1,268,128           
2011                12                  1,113,048           122,137             1,235,185           
2011                TOTAL               14,195,706          1,494,818           15,690,524          
2012                1                   976,869             110,780             1,087,649           
2012                2                   989,009             102,331             1,091,340           
2012                3                   1,248,624           136,637             1,385,261           
2012                4                   1,165,244           113,801             1,279,045           
2012                5                   1,189,411           141,740             1,331,151           
2012                6                   1,280,315           163,067             1,443,382           
2012                7                   1,312,116           148,651             1,460,767           
2012                8                   1,325,635           154,256             1,479,891           
2012                9                   1,102,631           133,212             1,235,843           
2012                10                  1,218,373           122,908             1,341,281           
2012                11                  1,149,039           112,009             1,261,048           
2012                12                  1,057,069           128,440             1,185,509           
2012                TOTAL               14,014,335          1,567,832           15,582,167          
2013                1                   976,657             118,376             1,095,033           
2013                2                   963,762             106,756             1,070,518           
2013                3                   1,263,216           145,676             1,408,892           
2013                4                   1,142,480           120,833             1,263,313           
2013                5                   1,222,079           144,517             1,366,596           
2013                6                   1,268,314           153,017             1,421,331           
2013                7                   1,303,219           147,907             1,451,126           
2013                8                   1,318,564           158,842             1,477,406           
2013                9                   1,130,382           135,322             1,265,704           
2013                10                  1,226,888           131,224             1,358,112           
2013                11                  1,096,434           114,005             1,210,439           
2013                12                  1,142,203           135,806             1,278,009           
2013                TOTAL               14,054,198          1,612,281           15,666,479          
2014                1                   970,796             120,241             1,091,037           
2014                2                   985,128             111,301             1,096,429           
2014                3                   1,238,786           141,164             1,379,950           
2014                4                   1,203,220           131,291             1,334,511           
2014                5                   1,253,269           153,586             1,406,855           
2014                6                   1,250,493           166,368             1,416,861           
2014                7                   1,290,602           151,542             1,442,144           
2014                8                   1,289,396           158,880             1,448,276           
2014                9                   1,158,319           139,591             1,297,910           
2014                10                  1,239,780           126,523             1,366,303           
2014                11                  1,110,762           106,709             1,217,471           
2014                12                  1,127,486           133,465             1,260,951           
2014                TOTAL               14,118,037          1,640,661           15,758,698          
2015                1                   984,487             120,801             1,105,288           
2015                2                   992,106             100,813             1,092,919           
2015                3                   1,249,641           132,123             1,381,764           
2015                4                   1,208,663           128,761             1,337,424           
2015                5                   1,274,615           154,334             1,428,949           
2015                6                   1,282,490           155,778             1,438,268           
2015                7                   1,357,121           145,194             1,502,315           
2015                8                   1,360,841           151,681             1,512,522           
2015                9                   1,203,506           139,162             1,342,668           
2015                10                  1,308,716           132,752             1,441,468           
2015                11                  1,218,881           106,912             1,325,793           
2015                12                  1,199,337           126,755             1,326,092           
2015                TOTAL               14,640,404          1,595,066           16,235,470          
2016                1                   1,081,475           121,612             1,203,087           
2016                2                   1,073,200           108,601             1,181,801           
2016                3                   1,293,571           138,074             1,431,645           
2016                4                   1,246,240           132,940             1,379,180           
2016                5                   1,373,680           155,964             1,529,644           
2016                6                   1,364,357           158,521             1,522,878           
2016                7                   1,376,841           147,059             1,523,900           
2016                8                   1,355,297           147,608             1,502,905           
2016                9                   1,244,846           140,012             1,384,858           
2016                10                  1,334,682           129,755             1,464,437           
2016                11                  1,243,670           108,432             1,352,102           
2016                12                  1,214,116           140,267             1,354,383           
2016                TOTAL               15,201,975          1,628,845           16,830,820          
2017                1                   1,060,787           125,946             1,186,733           
2017                2                   1,058,967           114,374             1,173,341           
2017                3                   1,336,338           151,839             1,488,177           
2017                4                   1,231,903           146,567             1,378,470           
2017                5                   1,334,563           163,755             1,498,318           
2017                6                   1,360,206           168,551             1,528,757           
2017                7                   1,383,286           159,532             1,542,818           
2017                8                   1,421,303           163,214             1,584,517           
2017                9                   1,243,476           147,083             1,390,559           
2017                10                  1,373,904           138,685             1,512,589           
2017                11                  1,266,036           115,884             1,381,920           
2017                12                  1,204,801           141,535             1,346,336           
2017                TOTAL               15,275,570          1,736,965           17,012,535          
2018                1                   1,075,507           125,803             1,201,310           
2018                2                   1,061,833           113,403             1,175,236           
2018                3                   1,362,449           162,846             1,525,295           
2018                4                   1,262,308           147,984             1,410,292           
2018                5                   1,353,399           172,370             1,525,769           
2018                6                   1,396,792           186,945             1,583,737           
2018                7                   1,444,066           179,407             1,623,473           
2018                8                   1,465,851           182,530             1,648,381           
2018                9                   1,253,732           158,013             1,411,745           
2018                10                  1,372,788           149,241             1,522,029           
2018                11                  1,275,550           127,535             1,403,085           
2018                12                  1,226,724           155,063             1,381,787           
2018                TOTAL               15,550,999          1,861,140           17,412,139          
2019                1                   1,065,833           130,000             1,195,833           
2019                2                   1,063,914           117,213             1,181,127           
2019                3                   1,448,424           165,086             1,613,510           
2019                4                   1,313,275           148,445             1,461,720           
2019                5                   1,431,225           175,074             1,606,299           
2019                6                   1,454,618           185,531             1,640,149           
2019                7                   1,524,934           176,171             1,701,105           
2019                8                   1,525,710           177,204             1,702,914           
2019                9                   1,326,129           155,150             1,481,279           
2019                10                  1,444,439           151,209             1,595,648           
2019                11                  1,273,830                                                   
2019                12                  1,383,133                                                   
2019                TOTAL               16,255,464          1,581,083           15,179,584          
2020                1                   1,177,453                                                   
2020                TOTAL               1,177,453           0                   0                   
