Year                Month               DOM                 INTER               TOTAL               
2002                10                  1,125,086           147,407             1,272,493           
2002                11                  1,090,599           112,347             1,202,946           
2002                12                  1,189,199           124,735             1,313,934           
2002                TOTAL               13,500,608          1,569,533           15,070,141          
2003                1                   987,352             126,880             1,114,232           
2003                2                   974,407             109,400             1,083,807           
2003                3                   1,235,252           131,759             1,367,011           
2003                4                   1,175,538           103,739             1,279,277           
2003                5                   1,189,368           113,222             1,302,590           
2003                6                   1,246,055           134,478             1,380,533           
2003                7                   1,352,183           161,318             1,513,501           
2003                8                   1,274,443           160,435             1,434,878           
2003                9                   1,079,801           143,650             1,223,451           
2003                10                  1,228,962           135,419             1,364,381           
2003                11                  1,148,263           104,289             1,252,552           
2003                12                  1,208,723           111,143             1,319,866           
2003                TOTAL               14,100,347          1,535,732           15,636,079          
2004                1                   987,359             113,688             1,101,047           
2004                2                   1,048,453           109,304             1,157,757           
2004                3                   1,323,044           135,464             1,458,508           
2004                4                   1,322,425           134,249             1,456,674           
2004                5                   1,290,074           141,942             1,432,016           
2004                6                   1,381,668           158,561             1,540,229           
2004                7                   1,452,680           177,315             1,629,995           
2004                8                   1,397,616           177,862             1,575,478           
2004                9                   1,175,178           156,211             1,331,389           
2004                10                  1,312,073           157,397             1,469,470           
2004                11                  1,262,385           119,521             1,381,906           
2004                12                  1,251,978           126,766             1,378,744           
2004                TOTAL               15,204,933          1,708,280           16,913,213          
2005                1                   1,094,132           136,075             1,230,207           
2005                2                   1,092,947           118,397             1,211,344           
2005                3                   1,398,702           150,410             1,549,112           
2005                4                   1,400,418           154,828             1,555,246           
2005                5                   1,407,303           157,813             1,565,116           
2005                6                   1,429,812           172,676             1,602,488           
2005                7                   1,484,137           191,458             1,675,595           
2005                8                   1,399,262           185,977             1,585,239           
2005                9                   1,222,418           167,424             1,389,842           
2005                10                  1,286,257           150,115             1,436,372           
2005                11                  1,222,340           124,375             1,346,715           
2005                12                  1,216,130           131,083             1,347,213           
2005                TOTAL               15,653,858          1,840,631           17,494,489          
2006                1                   1,120,407           144,210             1,264,617           
2006                2                   1,090,641           127,460             1,218,101           
2006                3                   1,387,385           165,813             1,553,198           
2006                4                   1,347,026           169,162             1,516,188           
2006                5                   1,400,368           155,402             1,555,770           
2006                6                   1,380,220           159,871             1,540,091           
2006                7                   1,411,734           174,697             1,586,431           
2006                8                   1,392,098           167,791             1,559,889           
2006                9                   1,220,624           152,519             1,373,143           
2006                10                  1,335,615           150,967             1,486,582           
2006                11                  1,283,955           129,508             1,413,463           
2006                12                  1,226,700           134,012             1,360,712           
2006                TOTAL               15,596,773          1,831,412           17,428,185          
2007                1                   1,136,121           142,610             1,278,731           
2007                2                   1,103,316           129,085             1,232,401           
2007                3                   1,408,429           169,565             1,577,994           
2007                4                   1,378,799           167,184             1,545,983           
2007                5                   1,404,770           153,053             1,557,823           
2007                6                   1,365,965           166,310             1,532,275           
2007                7                   1,399,710           188,596             1,588,306           
2007                8                   1,415,674           183,018             1,598,692           
2007                9                   1,201,362           159,998             1,361,360           
2007                10                  1,308,801           158,800             1,467,601           
2007                11                  1,253,671           133,316             1,386,987           
2007                12                  1,213,095           143,298             1,356,393           
2007                TOTAL               15,589,713          1,894,833           17,484,546          
2008                1                   1,140,852           147,147             1,287,999           
2008                2                   1,141,131           141,539             1,282,670           
2008                3                   1,390,362           188,024             1,578,386           
2008                4                   1,349,488           169,819             1,519,307           
2008                5                   1,386,239           160,913             1,547,152           
2008                6                   1,361,731           172,305             1,534,036           
2008                7                   1,399,448           185,763             1,585,211           
2008                8                   1,345,535           176,725             1,522,260           
2008                9                   1,120,966           156,200             1,277,166           
2008                10                  1,208,701           150,872             1,359,573           
2008                11                  1,114,336           120,138             1,234,474           
2008                12                  1,160,114           130,538             1,290,652           
2008                TOTAL               15,118,903          1,899,983           17,018,886          
2009                1                   1,008,400           128,137             1,136,537           
2009                2                   983,613             107,153             1,090,766           
2009                3                   1,234,256           129,706             1,363,962           
2009                4                   1,244,951           124,537             1,369,488           
2009                5                   1,216,779           100,230             1,317,009           
2009                6                   1,256,068           116,041             1,372,109           
2009                7                   1,303,645           135,129             1,438,774           
2009                8                   1,239,303           133,951             1,373,254           
2009                9                   1,071,900           111,406             1,183,306           
2009                10                  1,145,195           105,130             1,250,325           
2009                11                  1,068,757           85,073              1,153,830           
2009                12                  1,073,169           98,315              1,171,484           
2009                TOTAL               13,846,036          1,374,808           15,220,844          
2010                1                   985,908             98,935              1,084,843           
2010                2                   931,163             92,213              1,023,376           
2010                3                   1,227,264           122,290             1,349,554           
2010                4                   1,208,097           110,904             1,319,001           
2010                5                   1,236,798           112,074             1,348,872           
2010                6                   1,297,241           136,431             1,433,672           
2010                7                   1,342,787           152,939             1,495,726           
2010                8                   1,329,018           149,530             1,478,548           
2010                9                   1,141,864           121,266             1,263,130           
2010                10                  1,247,718           125,129             1,372,847           
2010                11                  1,148,897           103,275             1,252,172           
2010                12                  1,108,402           115,848             1,224,250           
2010                TOTAL               14,205,157          1,440,834           15,645,991          
2011                1                   997,219             118,090             1,115,309           
2011                2                   902,000             90,928              992,928             
2011                3                   1,239,465           122,370             1,361,835           
2011                4                   1,199,158           124,632             1,323,790           
2011                5                   1,241,906           122,321             1,364,227           
2011                6                   1,292,022           141,390             1,433,412           
2011                7                   1,354,030           171,718             1,525,748           
2011                8                   1,318,255           169,061             1,487,316           
2011                9                   1,156,174           126,864             1,283,038           
2011                10                  1,229,787           126,227             1,356,014           
2011                11                  1,164,913           102,367             1,267,280           
2011                12                  1,090,084           115,342             1,205,426           
2011                TOTAL               14,185,013          1,531,310           15,716,323          
2012                1                   979,909             121,862             1,101,771           
2012                2                   955,017             102,692             1,057,709           
2012                3                   1,240,554           137,955             1,378,509           
2012                4                   1,210,326           127,227             1,337,553           
2012                5                   1,222,250           129,040             1,351,290           
2012                6                   1,280,683           157,582             1,438,265           
2012                7                   1,299,458           174,536             1,473,994           
2012                8                   1,314,178           171,929             1,486,107           
2012                9                   1,105,298           138,033             1,243,331           
2012                10                  1,205,473           131,516             1,336,989           
2012                11                  1,144,116           110,899             1,255,015           
2012                12                  1,037,348           121,376             1,158,724           
2012                TOTAL               13,994,610          1,624,647           15,619,257          
2013                1                   980,492             128,341             1,108,833           
2013                2                   941,399             107,780             1,049,179           
2013                3                   1,230,915           146,439             1,377,354           
2013                4                   1,210,111           132,356             1,342,467           
2013                5                   1,250,282           130,332             1,380,614           
2013                6                   1,269,869           148,626             1,418,495           
2013                7                   1,297,963           168,928             1,466,891           
2013                8                   1,322,791           169,970             1,492,761           
2013                9                   1,122,175           141,436             1,263,611           
2013                10                  1,216,529           137,750             1,354,279           
2013                11                  1,100,707           116,143             1,216,850           
2013                12                  1,101,507           132,221             1,233,728           
2013                TOTAL               14,044,740          1,660,322           15,705,062          
2014                1                   974,001             131,812             1,105,813           
2014                2                   955,312             108,828             1,064,140           
2014                3                   1,258,565           146,028             1,404,593           
2014                4                   1,224,537           140,519             1,365,056           
2014                5                   1,281,651           143,953             1,425,604           
2014                6                   1,255,737           157,010             1,412,747           
2014                7                   1,281,005           174,770             1,455,775           
2014                8                   1,293,642           174,600             1,468,242           
2014                9                   1,149,183           143,124             1,292,307           
2014                10                  1,230,124           131,478             1,361,602           
2014                11                  1,108,194           110,583             1,218,777           
2014                12                  1,095,772           121,934             1,217,706           
2014                TOTAL               14,107,723          1,684,639           15,792,362          
2015                1                   984,398             132,813             1,117,211           
2015                2                   961,147             101,473             1,062,620           
2015                3                   1,269,470           138,406             1,407,876           
2015                4                   1,236,414           135,176             1,371,590           
2015                5                   1,304,219           142,782             1,447,001           
2015                6                   1,284,208           150,110             1,434,318           
2015                7                   1,349,116           170,292             1,519,408           
2015                8                   1,349,142           168,618             1,517,760           
2015                9                   1,207,685           144,183             1,351,868           
2015                10                  1,290,296           140,206             1,430,502           
2015                11                  1,224,453           112,600             1,337,053           
2015                12                  1,165,698           114,940             1,280,638           
2015                TOTAL               14,626,246          1,651,599           16,277,845          
2016                1                   1,083,047           135,886             1,218,933           
2016                2                   1,050,779           110,464             1,161,243           
2016                3                   1,275,681           141,904             1,417,585           
2016                4                   1,304,871           143,398             1,448,269           
2016                5                   1,405,051           143,727             1,548,778           
2016                6                   1,370,420           150,132             1,520,552           
2016                7                   1,370,798           166,121             1,536,919           
2016                8                   1,348,416           167,000             1,515,416           
2016                9                   1,251,029           143,084             1,394,113           
2016                10                  1,317,848           141,389             1,459,237           
2016                11                  1,236,856           111,946             1,348,802           
2016                12                  1,175,482           128,434             1,303,916           
2016                TOTAL               15,190,278          1,683,485           16,873,763          
2017                1                   1,078,250           141,287             1,219,537           
2017                2                   1,027,301           116,208             1,143,509           
2017                3                   1,323,173           147,992             1,471,165           
2017                4                   1,279,293           156,720             1,436,013           
2017                5                   1,367,725           150,676             1,518,401           
2017                6                   1,368,990           157,630             1,526,620           
2017                7                   1,381,902           178,515             1,560,417           
2017                8                   1,417,146           175,576             1,592,722           
2017                9                   1,239,903           151,119             1,391,022           
2017                10                  1,369,676           144,277             1,513,953           
2017                11                  1,261,319           114,374             1,375,693           
2017                12                  1,171,621           129,250             1,300,871           
2017                TOTAL               15,286,299          1,763,624           17,049,923          
2018                1                   1,082,729           142,091             1,224,820           
2018                2                   1,026,564           112,010             1,138,574           
2018                3                   1,342,776           159,604             1,502,380           
2018                4                   1,328,203           159,942             1,488,145           
2018                5                   1,388,752           155,226             1,543,978           
2018                6                   1,413,957           173,160             1,587,117           
2018                7                   1,435,282           196,700             1,631,982           
2018                8                   1,467,382           192,599             1,659,981           
2018                9                   1,252,564           160,197             1,412,761           
2018                10                  1,361,781           156,028             1,517,809           
2018                11                  1,274,525           122,797             1,397,322           
2018                12                  1,193,282           133,933             1,327,215           
2018                TOTAL               15,567,797          1,864,287           17,432,084          
2019                1                   1,081,261           146,180             1,227,441           
2019                2                   1,043,645           113,969             1,157,614           
2019                3                   1,418,670           158,916             1,577,586           
2019                4                   1,391,073           160,315             1,551,388           
2019                5                   1,469,987           152,768             1,622,755           
2019                6                   1,472,022           172,280             1,644,302           
2019                7                   1,523,022           191,008             1,714,030           
2019                8                   1,535,517           186,631             1,722,148           
2019                9                   1,323,998           155,016             1,479,014           
2019                10                  1,429,527           152,314             1,581,841           
2019                11                  1,288,629                                                   
2019                12                  1,335,121                                                   
2019                TOTAL               16,312,472          1,589,397           15,278,119          
2020                1                   1,186,240                                                   
2020                TOTAL               1,186,240           0                   0                   
