Year                Month               DOM                 INTER               TOTAL               
2002                10                  1,260,979           30,132              1,291,111           
2002                11                  1,177,857           32,271              1,210,128           
2002                12                  1,217,400           32,277              1,249,677           
2002                TOTAL               15,078,708          353,347             15,432,055          
2003                1                   1,233,163           34,977              1,268,140           
2003                2                   1,205,478           33,462              1,238,940           
2003                3                   1,362,330           32,442              1,394,772           
2003                4                   1,301,276           27,639              1,328,915           
2003                5                   1,375,061           27,986              1,403,047           
2003                6                   1,357,131           29,354              1,386,485           
2003                7                   1,456,234           37,897              1,494,131           
2003                8                   1,441,880           37,453              1,479,333           
2003                9                   1,329,675           33,946              1,363,621           
2003                10                  1,437,118           36,791              1,473,909           
2003                11                  1,314,584           40,089              1,354,673           
2003                12                  1,334,553           40,930              1,375,483           
2003                TOTAL               16,148,483          412,966             16,561,449          
2004                1                   1,323,097           43,255              1,366,352           
2004                2                   1,350,338           42,180              1,392,518           
2004                3                   1,628,385           48,467              1,676,852           
2004                4                   1,595,698           53,502              1,649,200           
2004                5                   1,586,310           46,529              1,632,839           
2004                6                   1,574,837           43,303              1,618,140           
2004                7                   1,664,649           48,824              1,713,473           
2004                8                   1,626,373           51,873              1,678,246           
2004                9                   1,538,926           45,507              1,584,433           
2004                10                  1,643,459           46,154              1,689,613           
2004                11                  1,515,559           51,380              1,566,939           
2004                12                  1,534,249           52,868              1,587,117           
2004                TOTAL               18,581,880          573,842             19,155,722          
2005                1                   1,450,328           51,436              1,501,764           
2005                2                   1,441,271           53,379              1,494,650           
2005                3                   1,772,857           71,821              1,844,678           
2005                4                   1,663,045           62,301              1,725,346           
2005                5                   1,745,923           63,249              1,809,172           
2005                6                   1,723,898           56,011              1,779,909           
2005                7                   1,807,271           66,433              1,873,704           
2005                8                   1,744,243           65,967              1,810,210           
2005                9                   1,660,447           64,374              1,724,821           
2005                10                  1,719,464           71,260              1,790,724           
2005                11                  1,618,040           79,441              1,697,481           
2005                12                  1,631,741           74,879              1,706,620           
2005                TOTAL               19,978,528          780,551             20,759,079          
2006                1                   1,556,818           79,389              1,636,207           
2006                2                   1,520,973           77,219              1,598,192           
2006                3                   1,848,838           87,536              1,936,374           
2006                4                   1,748,504           83,173              1,831,677           
2006                5                   1,766,309           75,055              1,841,364           
2006                6                   1,776,420           67,187              1,843,607           
2006                7                   1,822,788           74,766              1,897,554           
2006                8                   1,783,699           78,323              1,862,022           
2006                9                   1,664,960           77,017              1,741,977           
2006                10                  1,765,589           81,392              1,846,981           
2006                11                  1,696,769           88,554              1,785,323           
2006                12                  1,665,271           85,961              1,751,232           
2006                TOTAL               20,616,938          955,572             21,572,510          
2007                1                   1,591,655           84,678              1,676,333           
2007                2                   1,535,617           78,009              1,613,626           
2007                3                   1,870,742           94,869              1,965,611           
2007                4                   1,760,110           91,143              1,851,253           
2007                5                   1,842,476           90,422              1,932,898           
2007                6                   1,838,708           78,843              1,917,551           
2007                7                   1,886,100           88,349              1,974,449           
2007                8                   1,893,031           93,903              1,986,934           
2007                9                   1,706,209           91,492              1,797,701           
2007                10                  1,801,221           97,434              1,898,655           
2007                11                  1,675,572           97,239              1,772,811           
2007                12                  1,650,117           92,059              1,742,176           
2007                TOTAL               21,051,558          1,078,440           22,129,998          
2008                1                   1,585,642           91,246              1,676,888           
2008                2                   1,611,268           91,466              1,702,734           
2008                3                   1,834,112           101,034             1,935,146           
2008                4                   1,685,898           97,613              1,783,511           
2008                5                   1,793,880           89,233              1,883,113           
2008                6                   1,716,529           78,324              1,794,853           
2008                7                   1,746,815           83,242              1,830,057           
2008                8                   1,718,740           90,387              1,809,127           
2008                9                   1,489,571           83,139              1,572,710           
2008                10                  1,585,109           90,135              1,675,244           
2008                11                  1,393,720           101,687             1,495,407           
2008                12                  1,447,847           95,156              1,543,003           
2008                TOTAL               19,609,131          1,092,662           20,701,793          
2009                1                   1,339,131           92,128              1,431,259           
2009                2                   1,375,348           98,229              1,473,577           
2009                3                   1,628,434           108,703             1,737,137           
2009                4                   1,584,922           113,109             1,698,031           
2009                5                   1,583,231           87,500              1,670,731           
2009                6                   1,540,423           75,552              1,615,975           
2009                7                   1,622,673           78,134              1,700,807           
2009                8                   1,563,705           86,741              1,650,446           
2009                9                   1,486,122           84,832              1,570,954           
2009                10                  1,571,441           99,912              1,671,353           
2009                11                  1,398,825           102,005             1,500,830           
2009                12                  1,415,472           95,517              1,510,989           
2009                TOTAL               18,109,727          1,122,362           19,232,089          
2010                1                   1,321,655           94,072              1,415,727           
2010                2                   1,290,279           91,491              1,381,770           
2010                3                   1,555,924           104,065             1,659,989           
2010                4                   1,519,459           99,082              1,618,541           
2010                5                   1,530,873           96,946              1,627,819           
2010                6                   1,515,969           84,110              1,600,079           
2010                7                   1,581,509           91,004              1,672,513           
2010                8                   1,536,850           87,216              1,624,066           
2010                9                   1,479,764           85,050              1,564,814           
2010                10                  1,605,340           89,472              1,694,812           
2010                11                  1,394,837           84,231              1,479,068           
2010                12                  1,420,360           88,061              1,508,421           
2010                TOTAL               17,752,819          1,094,800           18,847,619          
2011                1                   1,405,081           89,190              1,494,271           
2011                2                   1,310,182           88,901              1,399,083           
2011                3                   1,595,730           104,380             1,700,110           
2011                4                   1,524,457           113,413             1,637,870           
2011                5                   1,604,215           105,446             1,709,661           
2011                6                   1,594,505           100,358             1,694,863           
2011                7                   1,645,157           106,753             1,751,910           
2011                8                   1,594,940           107,100             1,702,040           
2011                9                   1,577,142           111,998             1,689,140           
2011                10                  1,651,257           120,507             1,771,764           
2011                11                  1,444,553           115,395             1,559,948           
2011                12                  1,454,208           111,604             1,565,812           
2011                TOTAL               18,401,427          1,275,045           19,676,472          
2012                1                   1,385,411           105,683             1,491,094           
2012                2                   1,385,726           107,961             1,493,687           
2012                3                   1,630,857           121,791             1,752,648           
2012                4                   1,550,676           120,625             1,671,301           
2012                5                   1,620,186           120,244             1,740,430           
2012                6                   1,584,684           107,021             1,691,705           
2012                7                   1,612,068           118,074             1,730,142           
2012                8                   1,608,454           121,126             1,729,580           
2012                9                   1,503,785           121,348             1,625,133           
2012                10                  1,619,271           129,057             1,748,328           
2012                11                  1,443,490           122,409             1,565,899           
2012                12                  1,413,346           118,108             1,531,454           
2012                TOTAL               18,357,954          1,413,447           19,771,401          
2013                1                   1,360,081           108,628             1,468,709           
2013                2                   1,320,110           110,189             1,430,299           
2013                3                   1,630,307           135,407             1,765,714           
2013                4                   1,557,611           127,118             1,684,729           
2013                5                   1,687,464           128,144             1,815,608           
2013                6                   1,613,498           115,812             1,729,310           
2013                7                   1,620,437           120,499             1,740,936           
2013                8                   1,600,078           123,263             1,723,341           
2013                9                   1,509,122           125,129             1,634,251           
2013                10                  1,628,290           130,801             1,759,091           
2013                11                  1,447,377           121,959             1,569,336           
2013                12                  1,489,533           117,200             1,606,733           
2013                TOTAL               18,463,908          1,464,149           19,928,057          
2014                1                   1,429,685           117,680             1,547,365           
2014                2                   1,349,247           106,006             1,455,253           
2014                3                   1,664,657           136,081             1,800,738           
2014                4                   1,560,748           142,639             1,703,387           
2014                5                   1,655,834           144,144             1,799,978           
2014                6                   1,595,261           135,165             1,730,426           
2014                7                   1,629,762           144,748             1,774,510           
2014                8                   1,617,435           151,485             1,768,920           
2014                9                   1,537,826           146,115             1,683,941           
2014                10                  1,677,309           192,363             1,869,672           
2014                11                  1,452,779           125,283             1,578,062           
2014                12                  1,516,371           126,896             1,643,267           
2014                TOTAL               18,686,914          1,668,605           20,355,519          
2015                1                   1,443,963           125,181             1,569,144           
2015                2                   1,380,837           122,922             1,503,759           
2015                3                   1,699,803           156,913             1,856,716           
2015                4                   1,657,483           154,513             1,811,996           
2015                5                   1,744,176           155,464             1,899,640           
2015                6                   1,696,596           141,518             1,838,114           
2015                7                   1,790,881           152,103             1,942,984           
2015                8                   1,730,615           156,804             1,887,419           
2015                9                   1,653,815           154,743             1,808,558           
2015                10                  1,801,920           157,843             1,959,763           
2015                11                  1,618,316           139,079             1,757,395           
2015                12                  1,663,569           134,052             1,797,621           
2015                TOTAL               19,881,974          1,751,135           21,633,109          
2016                1                   1,552,765           131,756             1,684,521           
2016                2                   1,542,930           119,358             1,662,288           
2016                3                   1,815,465           144,492             1,959,957           
2016                4                   1,716,407           145,172             1,861,579           
2016                5                   1,782,659           157,913             1,940,572           
2016                6                   1,818,043           151,716             1,969,759           
2016                7                   1,835,236           159,464             1,994,700           
2016                8                   1,765,642           162,544             1,928,186           
2016                9                   1,782,214           166,067             1,948,281           
2016                10                  1,860,712           167,467             2,028,179           
2016                11                  1,691,892           144,746             1,836,638           
2016                12                  1,676,095           130,786             1,806,881           
2016                TOTAL               20,840,060          1,781,481           22,621,541          
2017                1                   1,604,885           136,848             1,741,733           
2017                2                   1,509,153           123,650             1,632,803           
2017                3                   1,892,854           143,001             2,035,855           
2017                4                   1,774,953           149,256             1,924,209           
2017                5                   1,841,376           151,169             1,992,545           
2017                6                   1,854,965           147,928             2,002,893           
2017                7                   1,907,809           166,824             2,074,633           
2017                8                   1,851,669           171,979             2,023,648           
2017                9                   1,784,429           163,403             1,947,832           
2017                10                  1,889,497           165,262             2,054,759           
2017                11                  1,716,952           143,916             1,860,868           
2017                12                  1,718,642           129,250             1,847,892           
2017                TOTAL               21,347,184          1,792,486           23,139,670          
2018                1                   1,650,829           138,917             1,789,746           
2018                2                   1,580,381           125,031             1,705,412           
2018                3                   1,925,747           150,159             2,075,906           
2018                4                   1,821,846           158,225             1,980,071           
2018                5                   1,894,947           165,210             2,060,157           
2018                6                   1,891,101           154,663             2,045,764           
2018                7                   1,932,807           177,651             2,110,458           
2018                8                   1,868,554           176,289             2,044,843           
2018                9                   1,765,832           152,971             1,918,803           
2018                10                  1,959,422           170,426             2,129,848           
2018                11                  1,782,293           144,454             1,926,747           
2018                12                  1,723,942           141,184             1,865,126           
2018                TOTAL               21,797,701          1,855,180           23,652,881          
2019                1                   1,677,981           148,504             1,826,485           
2019                2                   1,608,315           128,158             1,736,473           
2019                3                   1,960,417           143,888             2,104,305           
2019                4                   1,865,918           153,491             2,019,409           
2019                5                   2,020,916           154,785             2,175,701           
2019                6                   1,942,381           155,590             2,097,971           
2019                7                   1,975,127           164,316             2,139,443           
2019                8                   1,948,049           160,871             2,108,920           
2019                9                   1,879,820           152,108             2,031,928           
2019                10                  2,023,904           157,230             2,181,134           
2019                11                  1,824,856                                                   
2019                12                  1,916,743                                                   
2019                TOTAL               22,644,427          1,518,941           20,421,769          
2020                1                   1,823,949                                                   
2020                TOTAL               1,823,949           0                   0                   
