Year                Month               DOM                 INTER               TOTAL               
2002                10                  1,584,391           555,909             2,140,300           
2002                11                  1,522,333           533,949             2,056,282           
2002                12                  1,703,329           630,439             2,333,768           
2002                TOTAL               19,103,142          7,059,489           26,162,631          
2003                1                   1,517,819           579,915             2,097,734           
2003                2                   1,359,793           482,550             1,842,343           
2003                3                   1,596,890           515,048             2,111,938           
2003                4                   1,552,962           445,420             1,998,382           
2003                5                   1,612,036           484,810             2,096,846           
2003                6                   1,786,573           573,697             2,360,270           
2003                7                   1,922,016           639,717             2,561,733           
2003                8                   1,935,574           637,922             2,573,496           
2003                9                   1,442,395           515,078             1,957,473           
2003                10                  1,562,283           534,379             2,096,662           
2003                11                  1,556,539           541,693             2,098,232           
2003                12                  1,689,803           626,792             2,316,595           
2003                TOTAL               19,534,683          6,577,021           26,111,704          
2004                1                   1,507,158           586,736             2,093,894           
2004                2                   1,475,107           519,944             1,995,051           
2004                3                   1,777,029           584,122             2,361,151           
2004                4                   1,813,687           581,303             2,394,990           
2004                5                   1,780,922           634,284             2,415,206           
2004                6                   1,946,516           718,433             2,664,949           
2004                7                   2,074,232           738,176             2,812,408           
2004                8                   2,078,545           721,797             2,800,342           
2004                9                   1,616,600           596,975             2,213,575           
2004                10                  1,741,268           624,616             2,365,884           
2004                11                  1,701,516           588,192             2,289,708           
2004                12                  1,758,657           696,168             2,454,825           
2004                TOTAL               21,271,237          7,590,746           28,861,983          
2005                1                   1,605,493           650,420             2,255,913           
2005                2                   1,467,274           557,626             2,024,900           
2005                3                   1,818,118           676,853             2,494,971           
2005                4                   1,704,464           608,998             2,313,462           
2005                5                   1,798,725           683,410             2,482,135           
2005                6                   1,939,391           754,021             2,693,412           
2005                7                   2,055,964           799,220             2,855,184           
2005                8                   2,033,031           767,810             2,800,841           
2005                9                   1,653,004           645,101             2,298,105           
2005                10                  1,705,441           652,407             2,357,848           
2005                11                  1,694,115           608,694             2,302,809           
2005                12                  1,720,593           722,699             2,443,292           
2005                TOTAL               21,195,613          8,127,259           29,322,872          
2006                1                   1,574,335           664,219             2,238,554           
2006                2                   1,479,124           564,375             2,043,499           
2006                3                   1,801,087           660,461             2,461,548           
2006                4                   1,797,761           645,780             2,443,541           
2006                5                   1,800,739           684,130             2,484,869           
2006                6                   1,947,582           750,862             2,698,444           
2006                7                   2,043,036           767,395             2,810,431           
2006                8                   2,019,472           729,487             2,748,959           
2006                9                   1,621,930           645,273             2,267,203           
2006                10                  1,724,778           625,194             2,349,972           
2006                11                  1,726,812           592,681             2,319,493           
2006                12                  1,786,734           704,989             2,491,723           
2006                TOTAL               21,323,390          8,034,846           29,358,236          
2007                1                   1,607,153           643,785             2,250,938           
2007                2                   1,498,540           568,061             2,066,601           
2007                3                   1,860,164           679,454             2,539,618           
2007                4                   1,826,651           656,073             2,482,724           
2007                5                   1,847,406           697,499             2,544,905           
2007                6                   1,995,580           766,492             2,762,072           
2007                7                   2,087,248           813,278             2,900,526           
2007                8                   2,121,246           783,716             2,904,962           
2007                9                   1,644,719           650,628             2,295,347           
2007                10                  1,753,267           667,827             2,421,094           
2007                11                  1,750,143           644,780             2,394,923           
2007                12                  1,773,523           745,366             2,518,889           
2007                TOTAL               21,765,640          8,316,959           30,082,599          
2008                1                   1,592,544           705,041             2,297,585           
2008                2                   1,532,242           601,655             2,133,897           
2008                3                   1,814,625           700,913             2,515,538           
2008                4                   1,733,686           630,830             2,364,516           
2008                5                   1,829,683           712,002             2,541,685           
2008                6                   1,961,443           773,970             2,735,413           
2008                7                   2,028,005           755,287             2,783,292           
2008                8                   2,022,602           738,906             2,761,508           
2008                9                   1,520,214           603,157             2,123,371           
2008                10                  1,621,964           622,124             2,244,088           
2008                11                  1,498,081           566,725             2,064,806           
2008                12                  1,619,412           638,452             2,257,864           
2008                TOTAL               20,774,501          8,049,062           28,823,563          
2009                1                   1,430,889           585,423             2,016,312           
2009                2                   1,345,676           498,949             1,844,625           
2009                3                   1,660,896           577,821             2,238,717           
2009                4                   1,672,419           581,804             2,254,223           
2009                5                   1,696,267           562,614             2,258,881           
2009                6                   1,855,874           644,777             2,500,651           
2009                7                   1,976,827           717,370             2,694,197           
2009                8                   1,952,178           690,076             2,642,254           
2009                9                   1,584,158           595,756             2,179,914           
2009                10                  1,685,663           629,728             2,315,391           
2009                11                  1,581,536           576,365             2,157,901           
2009                12                  1,682,151           682,927             2,365,078           
2009                TOTAL               20,124,534          7,343,610           27,468,144          
2010                1                   1,536,125           630,506             2,166,631           
2010                2                   1,376,241           542,452             1,918,693           
2010                3                   1,753,492           619,127             2,372,619           
2010                4                   1,726,373           591,192             2,317,565           
2010                5                   1,772,082           653,625             2,425,707           
2010                6                   1,957,415           709,203             2,666,618           
2010                7                   2,033,895           745,650             2,779,545           
2010                8                   2,044,854           697,381             2,742,235           
2010                9                   1,685,182           610,584             2,295,766           
2010                10                  1,796,893           623,355             2,420,248           
2010                11                  1,710,005           590,548             2,300,553           
2010                12                  1,771,068           650,446             2,421,514           
2010                TOTAL               21,163,625          7,664,069           28,827,694          
2011                1                   1,609,702           639,308             2,249,010           
2011                2                   1,474,587           553,811             2,028,398           
2011                3                   1,819,697           636,397             2,456,094           
2011                4                   1,820,448           643,010             2,463,458           
2011                5                   1,928,013           699,183             2,627,196           
2011                6                   2,080,569           744,409             2,824,978           
2011                7                   2,195,514           782,742             2,978,256           
2011                8                   2,164,073           740,679             2,904,752           
2011                9                   1,806,812           665,440             2,472,252           
2011                10                  1,871,127           679,590             2,550,717           
2011                11                  1,804,587           600,549             2,405,136           
2011                12                  1,864,639           680,140             2,544,779           
2011                TOTAL               22,439,768          8,065,258           30,505,026          
2012                1                   1,711,549           671,022             2,382,571           
2012                2                   1,621,215           570,782             2,191,997           
2012                3                   1,949,639           660,016             2,609,655           
2012                4                   1,892,632           648,247             2,540,879           
2012                5                   1,949,002           705,836             2,654,838           
2012                6                   2,102,307           768,084             2,870,391           
2012                7                   2,216,144           797,168             3,013,312           
2012                8                   2,223,302           761,764             2,985,066           
2012                9                   1,807,584           668,794             2,476,378           
2012                10                  1,872,910           687,433             2,560,343           
2012                11                  1,821,117           614,447             2,435,564           
2012                12                  1,852,211           707,209             2,559,420           
2012                TOTAL               23,019,612          8,260,802           31,280,414          
2013                1                   1,714,369           680,649             2,395,018           
2013                2                   1,583,359           574,580             2,157,939           
2013                3                   1,976,624           677,131             2,653,755           
2013                4                   1,928,911           657,324             2,586,235           
2013                5                   2,051,053           739,092             2,790,145           
2013                6                   2,234,306           790,191             3,024,497           
2013                7                   2,295,509           833,507             3,129,016           
2013                8                   2,266,161           824,278             3,090,439           
2013                9                   1,863,099           705,866             2,568,965           
2013                10                  1,981,708           729,792             2,711,500           
2013                11                  1,839,776           651,075             2,490,851           
2013                12                  2,083,744           731,817             2,815,561           
2013                TOTAL               23,818,619          8,595,302           32,413,921          
2014                1                   1,883,198           731,406             2,614,604           
2014                2                   1,686,840           602,357             2,289,197           
2014                3                   2,098,247           725,353             2,823,600           
2014                4                   2,048,064           712,497             2,760,561           
2014                5                   2,149,139           808,653             2,957,792           
2014                6                   2,315,008           859,594             3,174,602           
2014                7                   2,421,922           884,978             3,306,900           
2014                8                   2,380,397           897,277             3,277,674           
2014                9                   1,951,767           741,257             2,693,024           
2014                10                  2,070,274           782,741             2,853,015           
2014                11                  1,996,507           674,707             2,671,214           
2014                12                  2,123,911           771,662             2,895,573           
2014                TOTAL               25,125,274          9,192,482           34,317,756          
2015                1                   1,914,433           745,080             2,659,513           
2015                2                   1,778,452           648,298             2,426,750           
2015                3                   2,220,762           755,833             2,976,595           
2015                4                   2,135,265           741,745             2,877,010           
2015                5                   2,260,168           829,319             3,089,487           
2015                6                   2,438,074           907,279             3,345,353           
2015                7                   2,534,715           973,480             3,508,195           
2015                8                   2,487,020           973,311             3,460,331           
2015                9                   2,102,806           825,410             2,928,216           
2015                10                  2,254,127           862,900             3,117,027           
2015                11                  2,158,771           764,557             2,923,328           
2015                12                  2,269,240           856,502             3,125,742           
2015                TOTAL               26,553,833          9,883,714           36,437,547          
2016                1                   2,046,201           828,579             2,874,780           
2016                2                   1,933,043           740,819             2,673,862           
2016                3                   2,336,773           849,525             3,186,298           
2016                4                   2,252,556           814,467             3,067,023           
2016                5                   2,393,821           927,777             3,321,598           
2016                6                   2,695,951           1,036,677           3,732,628           
2016                7                   2,766,897           1,083,656           3,850,553           
2016                8                   2,661,011           1,049,834           3,710,845           
2016                9                   2,318,270           922,437             3,240,707           
2016                10                  2,407,038           950,997             3,358,035           
2016                11                  2,327,993           872,446             3,200,439           
2016                12                  2,369,272           1,019,926           3,389,198           
2016                TOTAL               28,508,826          11,097,140          39,605,966          
2017                1                   2,166,049           924,822             3,090,871           
2017                2                   1,957,799           794,323             2,752,122           
2017                3                   2,416,016           918,086             3,334,102           
2017                4                   2,402,155           948,886             3,351,041           
2017                5                   2,472,770           1,023,565           3,496,335           
2017                6                   2,689,213           1,142,192           3,831,405           
2017                7                   2,758,325           1,175,968           3,934,293           
2017                8                   2,700,353           1,157,236           3,857,589           
2017                9                   2,308,627           977,162             3,285,789           
2017                10                  2,481,592           1,000,148           3,481,740           
2017                11                  2,378,209           929,853             3,308,062           
2017                12                  2,411,075           1,066,944           3,478,019           
2017                TOTAL               29,142,183          12,059,185          41,201,368          
2018                1                   2,233,929           962,427             3,196,356           
2018                2                   2,075,946           874,707             2,950,653           
2018                3                   2,521,043           1,037,986           3,559,029           
2018                4                   2,478,955           982,704             3,461,659           
2018                5                   2,597,684           1,115,991           3,713,675           
2018                6                   2,763,594           1,220,276           3,983,870           
2018                7                   2,836,181           1,230,284           4,066,465           
2018                8                   2,769,896           1,187,996           3,957,892           
2018                9                   2,329,899           1,001,733           3,331,632           
2018                10                  2,491,061           1,059,685           3,550,746           
2018                11                  2,430,450           961,608             3,392,058           
2018                12                  2,480,372           1,063,984           3,544,356           
2018                TOTAL               30,009,010          12,699,381          42,708,391          
2019                1                   2,262,419           972,998             3,235,417           
2019                2                   2,098,419           862,952             2,961,371           
2019                3                   2,616,654           1,010,155           3,626,809           
2019                4                   2,503,617           975,013             3,478,630           
2019                5                   2,631,909           1,107,475           3,739,384           
2019                6                   2,795,686           1,220,119           4,015,805           
2019                7                   2,891,023           1,185,093           4,076,116           
2019                8                   2,793,030           1,143,476           3,936,506           
2019                9                   2,390,929           1,009,065           3,399,994           
2019                10                  2,466,437           1,023,825           3,490,262           
2019                11                  2,385,884                                                   
2019                12                  2,592,518                                                   
2019                TOTAL               30,428,525          10,510,171          35,960,294          
2020                1                   2,259,129                                                   
2020                TOTAL               2,259,129           0                   0                   
