Year                Month               DOM                 INTER               TOTAL               
2002                10                  545,244             491,530             1,036,774           
2002                11                  600,750             517,606             1,118,356           
2002                12                  720,358             595,866             1,316,224           
2002                TOTAL               7,196,829           6,669,607           13,866,436          
2003                1                   625,662             614,413             1,240,075           
2003                2                   610,296             476,670             1,086,966           
2003                3                   682,967             539,764             1,222,731           
2003                4                   616,840             513,793             1,130,633           
2003                5                   589,435             485,468             1,074,903           
2003                6                   584,246             527,870             1,112,116           
2003                7                   633,957             668,393             1,302,350           
2003                8                   593,211             664,864             1,258,075           
2003                9                   428,950             447,188             876,138             
2003                10                  560,280             482,751             1,043,031           
2003                11                  625,359             527,928             1,153,287           
2003                12                  728,970             593,172             1,322,142           
2003                TOTAL               7,280,173           6,542,274           13,822,447          
2004                1                   635,524             638,687             1,274,211           
2004                2                   658,101             524,532             1,182,633           
2004                3                   729,817             571,585             1,301,402           
2004                4                   687,667             552,720             1,240,387           
2004                5                   622,357             503,852             1,126,209           
2004                6                   618,151             550,483             1,168,634           
2004                7                   671,169             696,075             1,367,244           
2004                8                   589,291             667,257             1,256,548           
2004                9                   387,965             392,361             780,326             
2004                10                  568,175             506,240             1,074,415           
2004                11                  602,726             527,210             1,129,936           
2004                12                  704,033             593,665             1,297,698           
2004                TOTAL               7,474,976           6,724,667           14,199,643          
2005                1                   656,642             655,073             1,311,715           
2005                2                   631,669             525,210             1,156,879           
2005                3                   769,336             639,495             1,408,831           
2005                4                   657,302             547,829             1,205,131           
2005                5                   660,860             527,848             1,188,708           
2005                6                   678,630             583,580             1,262,210           
2005                7                   711,932             721,861             1,433,793           
2005                8                   593,331             640,434             1,233,765           
2005                9                   509,568             467,945             977,513             
2005                10                  523,411             452,801             976,212             
2005                11                  669,557             525,309             1,194,866           
2005                12                  761,390             620,845             1,382,235           
2005                TOTAL               7,823,628           6,908,230           14,731,858          
2006                1                   704,155             657,680             1,361,835           
2006                2                   685,361             524,409             1,209,770           
2006                3                   806,007             616,211             1,422,218           
2006                4                   740,635             607,555             1,348,190           
2006                5                   714,910             544,820             1,259,730           
2006                6                   720,069             598,076             1,318,145           
2006                7                   725,331             721,232             1,446,563           
2006                8                   619,476             662,817             1,282,293           
2006                9                   520,409             497,642             1,018,051           
2006                10                  621,353             523,131             1,144,484           
2006                11                  678,927             557,157             1,236,084           
2006                12                  749,967             633,132             1,383,099           
2006                TOTAL               8,286,600           7,143,862           15,430,462          
2007                1                   706,756             659,611             1,366,367           
2007                2                   687,003             536,494             1,223,497           
2007                3                   803,782             636,437             1,440,219           
2007                4                   728,035             611,587             1,339,622           
2007                5                   722,394             571,988             1,294,382           
2007                6                   719,640             622,623             1,342,263           
2007                7                   743,652             748,576             1,492,228           
2007                8                   693,620             715,586             1,409,206           
2007                9                   579,088             549,069             1,128,157           
2007                10                  673,813             580,163             1,253,976           
2007                11                  704,785             600,568             1,305,353           
2007                12                  744,940             655,757             1,400,697           
2007                TOTAL               8,507,508           7,488,459           15,995,967          
2008                1                   715,245             672,744             1,387,989           
2008                2                   695,925             582,577             1,278,502           
2008                3                   783,752             672,466             1,456,218           
2008                4                   705,034             615,828             1,320,862           
2008                5                   722,708             607,144             1,329,852           
2008                6                   705,546             634,112             1,339,658           
2008                7                   735,949             752,109             1,488,058           
2008                8                   673,857             745,145             1,419,002           
2008                9                   553,977             543,794             1,097,771           
2008                10                  668,213             598,983             1,267,196           
2008                11                  679,101             613,463             1,292,564           
2008                12                  765,480             672,887             1,438,367           
2008                TOTAL               8,404,787           7,711,252           16,116,039          
2009                1                   696,728             682,765             1,379,493           
2009                2                   666,854             559,788             1,226,642           
2009                3                   750,696             622,332             1,373,028           
2009                4                   720,357             643,577             1,363,934           
2009                5                   711,498             566,820             1,278,318           
2009                6                   700,083             610,557             1,310,640           
2009                7                   730,178             750,051             1,480,229           
2009                8                   672,339             741,236             1,413,575           
2009                9                   554,931             532,967             1,087,898           
2009                10                  652,418             597,596             1,250,014           
2009                11                  663,521             597,877             1,261,398           
2009                12                  766,315             679,601             1,445,916           
2009                TOTAL               8,285,918           7,585,167           15,871,085          
2010                1                   704,853             703,658             1,408,511           
2010                2                   658,427             572,715             1,231,142           
2010                3                   789,759             685,540             1,475,299           
2010                4                   719,752             638,445             1,358,197           
2010                5                   742,883             626,499             1,369,382           
2010                6                   725,443             650,289             1,375,732           
2010                7                   752,308             802,565             1,554,873           
2010                8                   696,656             785,347             1,482,003           
2010                9                   605,530             573,388             1,178,918           
2010                10                  711,028             633,058             1,344,086           
2010                11                  727,188             645,273             1,372,461           
2010                12                  822,077             740,193             1,562,270           
2010                TOTAL               8,655,904           8,056,970           16,712,874          
2011                1                   730,386             738,617             1,469,003           
2011                2                   720,298             616,239             1,336,537           
2011                3                   810,846             729,856             1,540,702           
2011                4                   759,893             719,233             1,479,126           
2011                5                   780,396             675,004             1,455,400           
2011                6                   776,638             709,321             1,485,959           
2011                7                   823,574             868,798             1,692,372           
2011                8                   728,737             822,805             1,551,542           
2011                9                   643,899             641,388             1,285,287           
2011                10                  732,814             695,171             1,427,985           
2011                11                  776,217             710,565             1,486,782           
2011                12                  866,347             818,962             1,685,309           
2011                TOTAL               9,150,045           8,745,959           17,896,004          
2012                1                   789,623             812,052             1,601,675           
2012                2                   772,104             689,354             1,461,458           
2012                3                   889,292             815,098             1,704,390           
2012                4                   789,202             746,982             1,536,184           
2012                5                   806,346             699,238             1,505,584           
2012                6                   798,433             738,195             1,536,628           
2012                7                   808,413             896,647             1,705,060           
2012                8                   726,443             840,738             1,567,181           
2012                9                   610,862             666,717             1,277,579           
2012                10                  692,165             697,708             1,389,873           
2012                11                  742,565             754,276             1,496,841           
2012                12                  838,388             846,899             1,685,287           
2012                TOTAL               9,263,836           9,203,904           18,467,740          
2013                1                   780,427             846,185             1,626,612           
2013                2                   742,819             722,854             1,465,673           
2013                3                   879,413             864,591             1,744,004           
2013                4                   741,567             772,509             1,514,076           
2013                5                   793,170             772,880             1,566,050           
2013                6                   784,519             792,310             1,576,829           
2013                7                   800,241             930,420             1,730,661           
2013                8                   750,089             900,953             1,651,042           
2013                9                   627,680             694,954             1,322,634           
2013                10                  731,929             743,662             1,475,591           
2013                11                  728,945             766,465             1,495,410           
2013                12                  888,788             909,156             1,797,944           
2013                TOTAL               9,249,587           9,716,939           18,966,526          
2014                1                   792,203             900,206             1,692,409           
2014                2                   755,662             722,577             1,478,239           
2014                3                   878,503             808,357             1,686,860           
2014                4                   796,556             809,273             1,605,829           
2014                5                   824,439             750,366             1,574,805           
2014                6                   794,127             768,787             1,562,914           
2014                7                   809,573             921,585             1,731,158           
2014                8                   755,185             875,980             1,631,165           
2014                9                   633,652             676,641             1,310,293           
2014                10                  738,361             728,985             1,467,346           
2014                11                  746,870             759,477             1,506,347           
2014                12                  915,174             897,602             1,812,776           
2014                TOTAL               9,440,305           9,619,836           19,060,141          
2015                1                   826,060             913,659             1,739,719           
2015                2                   805,726             750,805             1,556,531           
2015                3                   925,748             844,530             1,770,278           
2015                4                   861,922             794,973             1,656,895           
2015                5                   892,258             771,089             1,663,347           
2015                6                   873,980             807,381             1,681,361           
2015                7                   930,602             980,128             1,910,730           
2015                8                   869,722             938,030             1,807,752           
2015                9                   774,373             731,916             1,506,289           
2015                10                  877,796             786,100             1,663,896           
2015                11                  868,245             798,721             1,666,966           
2015                12                  997,468             933,396             1,930,864           
2015                TOTAL               10,503,900          10,050,728          20,554,628          
2016                1                   895,657             916,454             1,812,111           
2016                2                   867,638             745,547             1,613,185           
2016                3                   1,003,122           852,121             1,855,243           
2016                4                   892,830             769,163             1,661,993           
2016                5                   937,406             759,369             1,696,775           
2016                6                   892,564             796,747             1,689,311           
2016                7                   932,181             962,768             1,894,949           
2016                8                   841,530             913,309             1,754,839           
2016                9                   736,542             700,731             1,437,273           
2016                10                  772,622             749,760             1,522,382           
2016                11                  847,850             769,533             1,617,383           
2016                12                  944,386             921,160             1,865,546           
2016                TOTAL               10,564,328          9,856,662           20,420,990          
2017                1                   864,273             943,966             1,808,239           
2017                2                   804,071             745,932             1,550,003           
2017                3                   968,519             847,505             1,816,024           
2017                4                   887,454             877,234             1,764,688           
2017                5                   905,155             789,920             1,695,075           
2017                6                   869,226             841,068             1,710,294           
2017                7                   910,726             993,504             1,904,230           
2017                8                   844,923             958,629             1,803,552           
2017                9                   547,733             597,826             1,145,559           
2017                10                  834,741             798,544             1,633,285           
2017                11                  872,514             813,767             1,686,281           
2017                12                  986,078             910,371             1,896,449           
2017                TOTAL               10,295,413          10,118,266          20,413,679          
2018                1                   887,295             932,030             1,819,325           
2018                2                   859,649             774,976             1,634,625           
2018                3                   992,655             904,718             1,897,373           
2018                4                   869,041             836,884             1,705,925           
2018                5                   899,902             797,376             1,697,278           
2018                6                   877,179             805,260             1,682,439           
2018                7                   898,492             929,247             1,827,739           
2018                8                   852,828             892,700             1,745,528           
2018                9                   724,057             698,117             1,422,174           
2018                10                  823,849             774,831             1,598,680           
2018                11                  856,972             834,146             1,691,118           
2018                12                  997,495             930,886             1,928,381           
2018                TOTAL               10,539,414          10,111,171          20,650,585          
2019                1                   940,489             995,227             1,935,716           
2019                2                   896,140             827,694             1,723,834           
2019                3                   1,018,046           925,968             1,944,014           
2019                4                   869,365             878,385             1,747,750           
2019                5                   899,836             825,785             1,725,621           
2019                6                   858,412             860,115             1,718,527           
2019                7                   888,113             991,487             1,879,600           
2019                8                   829,778             941,420             1,771,198           
2019                9                   758,854             722,410             1,481,264           
2019                10                  867,425             785,572             1,652,997           
2019                11                  881,701                                                     
2019                12                  1,095,924                                                   
2019                TOTAL               10,804,083          8,754,063           17,580,521          
2020                1                   1,006,574                                                   
2020                TOTAL               1,006,574           0                   0                   
