Year                Month               DOM                 INTER               TOTAL               
2002                10                  1,176,919           87,993              1,264,912           
2002                11                  1,062,035           71,891              1,133,926           
2002                12                  1,241,626           84,281              1,325,907           
2002                TOTAL               13,982,501          1,051,448           15,033,949          
2003                1                   1,064,645           79,500              1,144,145           
2003                2                   1,056,850           78,042              1,134,892           
2003                3                   1,328,275           90,743              1,419,018           
2003                4                   1,112,681           69,409              1,182,090           
2003                5                   1,172,952           79,142              1,252,094           
2003                6                   1,353,986           95,297              1,449,283           
2003                7                   1,490,512           103,024             1,593,536           
2003                8                   1,443,695           103,193             1,546,888           
2003                9                   1,142,623           83,950              1,226,573           
2003                10                  1,253,719           82,317              1,336,036           
2003                11                  1,141,946           70,535              1,212,481           
2003                12                  1,283,978           80,744              1,364,722           
2003                TOTAL               14,845,862          1,015,896           15,861,758          
2004                1                   1,119,671           80,771              1,200,442           
2004                2                   1,136,133           91,967              1,228,100           
2004                3                   1,425,957           103,047             1,529,004           
2004                4                   1,252,800           89,948              1,342,748           
2004                5                   1,282,050           97,619              1,379,669           
2004                6                   1,525,446           108,159             1,633,605           
2004                7                   1,613,510           114,199             1,727,709           
2004                8                   1,553,693           111,493             1,665,186           
2004                9                   1,238,817           98,319              1,337,136           
2004                10                  1,353,061           97,047              1,450,108           
2004                11                  1,255,254           80,186              1,335,440           
2004                12                  1,333,535           92,687              1,426,222           
2004                TOTAL               16,089,927          1,165,442           17,255,369          
2005                1                   1,179,892           96,993              1,276,885           
2005                2                   1,173,537           102,686             1,276,223           
2005                3                   1,511,720           121,870             1,633,590           
2005                4                   1,319,640           97,932              1,417,572           
2005                5                   1,379,097           100,530             1,479,627           
2005                6                   1,576,651           111,381             1,688,032           
2005                7                   1,686,350           116,922             1,803,272           
2005                8                   1,565,385           110,598             1,675,983           
2005                9                   1,302,162           97,730              1,399,892           
2005                10                  1,333,752           90,519              1,424,271           
2005                11                  1,228,048           71,178              1,299,226           
2005                12                  1,293,692           77,954              1,371,646           
2005                TOTAL               16,549,926          1,196,293           17,746,219          
2006                1                   1,156,693           87,300              1,243,993           
2006                2                   1,128,655           88,376              1,217,031           
2006                3                   1,441,331           122,943             1,564,274           
2006                4                   1,273,130           100,056             1,373,186           
2006                5                   1,338,214           98,654              1,436,868           
2006                6                   1,459,121           102,778             1,561,899           
2006                7                   1,516,619           107,377             1,623,996           
2006                8                   1,463,407           105,597             1,569,004           
2006                9                   1,219,020           90,900              1,309,920           
2006                10                  1,318,999           87,628              1,406,627           
2006                11                  1,256,717           75,900              1,332,617           
2006                12                  1,291,011           88,810              1,379,821           
2006                TOTAL               15,862,917          1,156,319           17,019,236          
2007                1                   1,168,539           102,983             1,271,522           
2007                2                   1,125,777           109,197             1,234,974           
2007                3                   1,405,167           144,144             1,549,311           
2007                4                   1,270,120           96,731              1,366,851           
2007                5                   1,334,470           94,230              1,428,700           
2007                6                   1,421,756           100,805             1,522,561           
2007                7                   1,488,823           101,788             1,590,611           
2007                8                   1,444,369           101,816             1,546,185           
2007                9                   1,196,406           91,150              1,287,556           
2007                10                  1,293,596           89,042              1,382,638           
2007                11                  1,243,373           84,599              1,327,972           
2007                12                  1,247,936           98,147              1,346,083           
2007                TOTAL               15,640,332          1,214,632           16,854,964          
2008                1                   1,178,709           110,385             1,289,094           
2008                2                   1,167,149           126,807             1,293,956           
2008                3                   1,389,000           156,945             1,545,945           
2008                4                   1,224,795           99,099              1,323,894           
2008                5                   1,290,240           107,013             1,397,253           
2008                6                   1,391,749           108,347             1,500,096           
2008                7                   1,461,833           110,255             1,572,088           
2008                8                   1,366,455           110,746             1,477,201           
2008                9                   1,130,485           92,349              1,222,834           
2008                10                  1,201,643           84,291              1,285,934           
2008                11                  1,073,396           71,837              1,145,233           
2008                12                  1,173,735           88,577              1,262,312           
2008                TOTAL               15,049,189          1,266,651           16,315,840          
2009                1                   1,046,294           106,346             1,152,640           
2009                2                   1,027,263           113,192             1,140,455           
2009                3                   1,295,015           131,112             1,426,127           
2009                4                   1,159,852           92,408              1,252,260           
2009                5                   1,205,801           85,007              1,290,808           
2009                6                   1,391,201           93,596              1,484,797           
2009                7                   1,506,966           101,050             1,608,016           
2009                8                   1,395,016           96,095              1,491,111           
2009                9                   1,106,408           75,671              1,182,079           
2009                10                  1,134,695           72,800              1,207,495           
2009                11                  1,041,930           62,806              1,104,736           
2009                12                  1,098,521           75,141              1,173,662           
2009                TOTAL               14,408,962          1,105,224           15,514,186          
2010                1                   1,015,067           91,692              1,106,759           
2010                2                   986,381             102,009             1,088,390           
2010                3                   1,293,097           125,874             1,418,971           
2010                4                   1,106,594           79,950              1,186,544           
2010                5                   1,172,990           92,122              1,265,112           
2010                6                   1,342,023           99,675              1,441,698           
2010                7                   1,438,239           104,651             1,542,890           
2010                8                   1,399,260           98,802              1,498,062           
2010                9                   1,171,532           90,042              1,261,574           
2010                10                  1,228,377           88,691              1,317,068           
2010                11                  1,098,529           74,255              1,172,784           
2010                12                  1,105,035           83,843              1,188,878           
2010                TOTAL               14,357,124          1,131,606           15,488,730          
2011                1                   1,042,277           94,489              1,136,766           
2011                2                   961,762             94,366              1,056,128           
2011                3                   1,282,441           123,623             1,406,064           
2011                4                   1,128,011           86,591              1,214,602           
2011                5                   1,237,996           93,843              1,331,839           
2011                6                   1,400,635           97,528              1,498,163           
2011                7                   1,513,587           100,156             1,613,743           
2011                8                   1,470,361           100,964             1,571,325           
2011                9                   1,223,144           87,440              1,310,584           
2011                10                  1,257,864           81,826              1,339,690           
2011                11                  1,132,926           64,890              1,197,816           
2011                12                  1,112,048           78,377              1,190,425           
2011                TOTAL               14,763,052          1,104,093           15,867,145          
2012                1                   1,036,511           90,103              1,126,614           
2012                2                   1,030,545           99,975              1,130,520           
2012                3                   1,304,279           133,371             1,437,650           
2012                4                   1,140,878           75,164              1,216,042           
2012                5                   1,229,530           85,812              1,315,342           
2012                6                   1,396,831           93,524              1,490,355           
2012                7                   1,478,756           94,202              1,572,958           
2012                8                   1,474,488           98,419              1,572,907           
2012                9                   1,183,175           83,530              1,266,705           
2012                10                  1,284,775           80,172              1,364,947           
2012                11                  1,161,880           67,358              1,229,238           
2012                12                  1,113,272           80,190              1,193,462           
2012                TOTAL               14,834,920          1,081,820           15,916,740          
2013                1                   1,073,192           91,804              1,164,996           
2013                2                   1,036,705           100,752             1,137,457           
2013                3                   1,322,018           130,741             1,452,759           
2013                4                   1,170,636           77,945              1,248,581           
2013                5                   1,270,649           92,200              1,362,849           
2013                6                   1,401,851           104,270             1,506,121           
2013                7                   1,481,030           102,730             1,583,760           
2013                8                   1,482,080           110,495             1,592,575           
2013                9                   1,223,099           90,278              1,313,377           
2013                10                  1,289,521           82,325              1,371,846           
2013                11                  1,136,761           66,888              1,203,649           
2013                12                  1,226,373           84,651              1,311,024           
2013                TOTAL               15,113,915          1,135,079           16,248,994          
2014                1                   1,109,560           95,884              1,205,444           
2014                2                   1,079,239           109,762             1,189,001           
2014                3                   1,422,981           142,537             1,565,518           
2014                4                   1,231,600           83,053              1,314,653           
2014                5                   1,322,080           91,384              1,413,464           
2014                6                   1,452,389           105,430             1,557,819           
2014                7                   1,564,523           105,164             1,669,687           
2014                8                   1,526,586           111,980             1,638,566           
2014                9                   1,283,181           90,422              1,373,603           
2014                10                  1,358,098           81,666              1,439,764           
2014                11                  1,167,342           68,102              1,235,444           
2014                12                  1,253,765           89,202              1,342,967           
2014                TOTAL               15,771,344          1,174,586           16,945,930          
2015                1                   1,143,519           116,026             1,259,545           
2015                2                   1,112,921           124,498             1,237,419           
2015                3                   1,428,037           154,129             1,582,166           
2015                4                   1,261,045           92,380              1,353,425           
2015                5                   1,359,386           100,453             1,459,839           
2015                6                   1,441,354           110,152             1,551,506           
2015                7                   1,614,267           111,651             1,725,918           
2015                8                   1,588,914           114,868             1,703,782           
2015                9                   1,363,681           99,020              1,462,701           
2015                10                  1,445,615           92,086              1,537,701           
2015                11                  1,277,875           75,304              1,353,179           
2015                12                  1,285,103           100,471             1,385,574           
2015                TOTAL               16,321,717          1,291,038           17,612,755          
2016                1                   1,183,533           132,267             1,315,800           
2016                2                   1,142,394           139,313             1,281,707           
2016                3                   1,444,320           168,292             1,612,612           
2016                4                   1,309,369           104,176             1,413,545           
2016                5                   1,413,494           103,485             1,516,979           
2016                6                   1,550,710           127,692             1,678,402           
2016                7                   1,644,410           126,823             1,771,233           
2016                8                   1,518,507           120,545             1,639,052           
2016                9                   1,396,600           101,335             1,497,935           
2016                10                  1,475,065           85,455              1,560,520           
2016                11                  1,320,236           73,369              1,393,605           
2016                12                  1,309,932           101,733             1,411,665           
2016                TOTAL               16,708,570          1,384,485           18,093,055          
2017                1                   1,184,402           125,675             1,310,077           
2017                2                   1,134,372           135,989             1,270,361           
2017                3                   1,510,173           173,892             1,684,065           
2017                4                   1,331,922           115,404             1,447,326           
2017                5                   1,424,275           115,253             1,539,528           
2017                6                   1,552,839           123,513             1,676,352           
2017                7                   1,643,062           123,007             1,766,069           
2017                8                   1,641,062           127,733             1,768,795           
2017                9                   1,366,364           108,435             1,474,799           
2017                10                  1,479,182           96,264              1,575,446           
2017                11                  1,347,025           88,317              1,435,342           
2017                12                  1,312,556           112,044             1,424,600           
2017                TOTAL               16,927,234          1,445,526           18,372,760          
2018                1                   1,173,326           129,785             1,303,111           
2018                2                   1,191,311           140,741             1,332,052           
2018                3                   1,486,299           182,230             1,668,529           
2018                4                   1,292,750           110,014             1,402,764           
2018                5                   1,350,428           114,355             1,464,783           
2018                6                   1,572,547           130,609             1,703,156           
2018                7                   1,647,348           124,836             1,772,184           
2018                8                   1,669,580           134,008             1,803,588           
2018                9                   1,372,899           111,936             1,484,835           
2018                10                  1,463,024           98,967              1,561,991           
2018                11                  1,333,692           87,775              1,421,467           
2018                12                  1,292,098           112,039             1,404,137           
2018                TOTAL               16,845,302          1,477,295           18,322,597          
2019                1                   1,209,840           127,871             1,337,711           
2019                2                   1,137,965           135,331             1,273,296           
2019                3                   1,536,236           182,363             1,718,599           
2019                4                   1,352,868           112,987             1,465,855           
2019                5                   1,477,690           131,523             1,609,213           
2019                6                   1,620,394           145,175             1,765,569           
2019                7                   1,728,822           138,143             1,866,965           
2019                8                   1,706,050           148,048             1,854,098           
2019                9                   1,460,228           134,019             1,594,247           
2019                10                  1,534,656           119,509             1,654,165           
2019                11                  1,332,287                                                   
2019                12                  1,438,394                                                   
2019                TOTAL               17,535,430          1,374,969           16,139,718          
2020                1                   1,276,999                                                   
2020                TOTAL               1,276,999           0                   0                   
