Year                Month               DOM                 INTER               TOTAL               
2002                10                  866,155             110,020             976,175             
2002                11                  819,233             101,695             920,928             
2002                12                  883,059             106,630             989,689             
2002                TOTAL               9,687,052           1,341,888           11,028,940          
2003                1                   724,003             106,532             830,535             
2003                2                   671,534             88,208              759,742             
2003                3                   869,248             122,423             991,671             
2003                4                   871,437             112,331             983,768             
2003                5                   885,218             116,990             1,002,208           
2003                6                   930,408             144,923             1,075,331           
2003                7                   993,016             157,090             1,150,106           
2003                8                   988,266             166,660             1,154,926           
2003                9                   768,320             127,607             895,927             
2003                10                  899,727             134,666             1,034,393           
2003                11                  857,164             119,240             976,404             
2003                12                  861,644             119,757             981,401             
2003                TOTAL               10,319,985          1,516,427           11,836,412          
2004                1                   757,836             125,156             882,992             
2004                2                   783,117             120,495             903,612             
2004                3                   955,871             154,456             1,110,327           
2004                4                   974,117             149,258             1,123,375           
2004                5                   1,001,138           154,033             1,155,171           
2004                6                   1,073,250           168,763             1,242,013           
2004                7                   1,149,634           188,091             1,337,725           
2004                8                   1,141,615           187,199             1,328,814           
2004                9                   915,716             129,008             1,044,724           
2004                10                  1,099,812           143,183             1,242,995           
2004                11                  1,120,772           128,630             1,249,402           
2004                12                  1,075,381           126,741             1,202,122           
2004                TOTAL               12,048,259          1,775,013           13,823,272          
2005                1                   968,176             133,924             1,102,100           
2005                2                   964,677             119,956             1,084,633           
2005                3                   1,256,356           159,976             1,416,332           
2005                4                   1,180,957           155,425             1,336,382           
2005                5                   1,245,055           158,873             1,403,928           
2005                6                   1,230,806           178,544             1,409,350           
2005                7                   1,257,307           203,107             1,460,414           
2005                8                   1,227,656           189,356             1,417,012           
2005                9                   1,037,679           147,792             1,185,471           
2005                10                  1,105,168           150,604             1,255,772           
2005                11                  1,090,710           118,283             1,208,993           
2005                12                  1,018,963           112,269             1,131,232           
2005                TOTAL               13,583,510          1,828,109           15,411,619          
2006                1                   934,322             112,603             1,046,925           
2006                2                   945,527             105,191             1,050,718           
2006                3                   1,220,211           139,991             1,360,202           
2006                4                   1,211,169           148,439             1,359,608           
2006                5                   1,262,797           145,378             1,408,175           
2006                6                   1,237,235           173,926             1,411,161           
2006                7                   1,282,395           202,039             1,484,434           
2006                8                   1,261,711           187,598             1,449,309           
2006                9                   1,027,633           151,574             1,179,207           
2006                10                  1,144,621           144,040             1,288,661           
2006                11                  1,124,407           114,380             1,238,787           
2006                12                  1,059,032           115,388             1,174,420           
2006                TOTAL               13,711,060          1,740,547           15,451,607          
2007                1                   990,793             111,744             1,102,537           
2007                2                   937,780             99,947              1,037,727           
2007                3                   1,177,868           134,956             1,312,824           
2007                4                   1,228,437           142,366             1,370,803           
2007                5                   1,267,358           149,351             1,416,709           
2007                6                   1,264,584           185,124             1,449,708           
2007                7                   1,306,758           216,454             1,523,212           
2007                8                   1,321,742           200,226             1,521,968           
2007                9                   1,100,948           156,844             1,257,792           
2007                10                  1,183,883           147,464             1,331,347           
2007                11                  1,128,133           119,473             1,247,606           
2007                12                  1,027,445           126,268             1,153,713           
2007                TOTAL               13,935,729          1,790,217           15,725,946          
2008                1                   999,981             120,019             1,120,000           
2008                2                   991,315             113,679             1,104,994           
2008                3                   1,242,583           156,900             1,399,483           
2008                4                   1,189,557           150,380             1,339,937           
2008                5                   1,229,076           166,157             1,395,233           
2008                6                   1,264,879           187,586             1,452,465           
2008                7                   1,305,019           210,874             1,515,893           
2008                8                   1,308,933           204,109             1,513,042           
2008                9                   1,049,111           149,816             1,198,927           
2008                10                  1,171,316           141,479             1,312,795           
2008                11                  1,019,629           109,331             1,128,960           
2008                12                  1,039,978           123,271             1,163,249           
2008                TOTAL               13,811,377          1,833,601           15,644,978          
2009                1                   934,268             120,782             1,055,050           
2009                2                   895,105             109,140             1,004,245           
2009                3                   1,143,292           145,298             1,288,590           
2009                4                   1,139,716           157,591             1,297,307           
2009                5                   1,161,174           154,818             1,315,992           
2009                6                   1,194,860           184,646             1,379,506           
2009                7                   1,276,782           218,568             1,495,350           
2009                8                   1,243,734           214,479             1,458,213           
2009                9                   1,049,365           163,873             1,213,238           
2009                10                  1,137,020           141,983             1,279,003           
2009                11                  1,046,598           115,160             1,161,758           
2009                12                  995,337             114,382             1,109,719           
2009                TOTAL               13,217,251          1,840,720           15,057,971          
2010                1                   944,581             124,140             1,068,721           
2010                2                   786,905             102,121             889,026             
2010                3                   1,122,465           149,730             1,272,195           
2010                4                   1,138,791           150,429             1,289,220           
2010                5                   1,160,836           167,476             1,328,312           
2010                6                   1,184,493           186,539             1,371,032           
2010                7                   1,216,187           214,395             1,430,582           
2010                8                   1,238,524           204,180             1,442,704           
2010                9                   1,081,241           164,891             1,246,132           
2010                10                  1,161,696           158,861             1,320,557           
2010                11                  1,097,514           122,457             1,219,971           
2010                12                  1,038,206           126,555             1,164,761           
2010                TOTAL               13,171,439          1,871,774           15,043,213          
2011                1                   942,303             132,383             1,074,686           
2011                2                   872,278             112,978             985,256             
2011                3                   1,161,143           149,310             1,310,453           
2011                4                   1,099,002           171,149             1,270,151           
2011                5                   1,176,968           174,737             1,351,705           
2011                6                   1,163,916           182,103             1,346,019           
2011                7                   1,184,606           213,078             1,397,684           
2011                8                   1,155,258           197,003             1,352,261           
2011                9                   1,064,533           156,761             1,221,294           
2011                10                  1,109,721           160,120             1,269,841           
2011                11                  1,068,706           120,449             1,189,155           
2011                12                  1,045,868           126,050             1,171,918           
2011                TOTAL               13,044,302          1,896,121           14,940,423          
2012                1                   964,773             131,203             1,095,976           
2012                2                   921,059             115,279             1,036,338           
2012                3                   1,095,293           159,900             1,255,193           
2012                4                   1,077,637           171,241             1,248,878           
2012                5                   1,126,181           168,563             1,294,744           
2012                6                   1,114,694           181,919             1,296,613           
2012                7                   1,120,834           203,905             1,324,739           
2012                8                   1,168,035           193,217             1,361,252           
2012                9                   1,019,611           155,435             1,175,046           
2012                10                  1,039,767           144,916             1,184,683           
2012                11                  1,076,539           122,811             1,199,350           
2012                12                  1,024,682           128,651             1,153,333           
2012                TOTAL               12,749,105          1,877,040           14,626,145          
2013                1                   962,167             130,158             1,092,325           
2013                2                   942,262             124,490             1,066,752           
2013                3                   1,113,638           162,584             1,276,222           
2013                4                   1,084,726           158,854             1,243,580           
2013                5                   1,133,361           174,585             1,307,946           
2013                6                   1,114,697           193,462             1,308,159           
2013                7                   1,135,566           221,216             1,356,782           
2013                8                   1,166,605           212,362             1,378,967           
2013                9                   1,025,698           152,730             1,178,428           
2013                10                  1,086,907           155,365             1,242,272           
2013                11                  1,007,500           129,860             1,137,360           
2013                12                  1,031,470           131,634             1,163,104           
2013                TOTAL               12,804,597          1,947,300           14,751,897          
2014                1                   949,104             122,735             1,071,839           
2014                2                   847,452             106,001             953,453             
2014                3                   1,119,534           153,406             1,272,940           
2014                4                   1,119,134           172,891             1,292,025           
2014                5                   1,172,742           180,941             1,353,683           
2014                6                   1,131,214           196,855             1,328,069           
2014                7                   1,158,913           230,892             1,389,805           
2014                8                   1,188,878           228,432             1,417,310           
2014                9                   1,040,099           164,907             1,205,006           
2014                10                  1,113,931           157,411             1,271,342           
2014                11                  994,786             128,588             1,123,374           
2014                12                  991,986             133,666             1,125,652           
2014                TOTAL               12,827,773          1,976,725           14,804,498          
2015                1                   889,227             135,564             1,024,791           
2015                2                   873,440             111,922             985,362             
2015                3                   1,067,515           149,515             1,217,030           
2015                4                   1,113,120           166,312             1,279,432           
2015                5                   1,167,506           185,484             1,352,990           
2015                6                   1,167,558           199,298             1,366,856           
2015                7                   1,231,536           231,201             1,462,737           
2015                8                   1,239,347           228,127             1,467,474           
2015                9                   1,097,603           166,293             1,263,896           
2015                10                  1,148,935           170,984             1,319,919           
2015                11                  1,095,168           134,028             1,229,196           
2015                12                  1,035,144           129,171             1,164,315           
2015                TOTAL               13,126,099          2,007,899           15,133,998          
2016                1                   909,666             127,921             1,037,587           
2016                2                   885,864             103,854             989,718             
2016                3                   1,107,555           152,905             1,260,460           
2016                4                   1,093,917           152,670             1,246,587           
2016                5                   1,159,540           164,028             1,323,568           
2016                6                   1,160,931           183,119             1,344,050           
2016                7                   1,166,658           227,538             1,394,196           
2016                8                   1,177,167           206,624             1,383,791           
2016                9                   1,053,501           155,818             1,209,319           
2016                10                  1,091,753           152,632             1,244,385           
2016                11                  1,013,322           108,812             1,122,134           
2016                12                  962,516             118,166             1,080,682           
2016                TOTAL               12,782,390          1,854,087           14,636,477          
2017                1                   893,358             114,159             1,007,517           
2017                2                   824,439             87,308              911,747             
2017                3                   1,057,033           127,831             1,184,864           
2017                4                   1,079,513           156,764             1,236,277           
2017                5                   1,121,721           169,097             1,290,818           
2017                6                   1,118,440           183,899             1,302,339           
2017                7                   1,120,388           220,553             1,340,941           
2017                8                   1,146,611           204,121             1,350,732           
2017                9                   993,141             150,248             1,143,389           
2017                10                  1,104,372           151,899             1,256,271           
2017                11                  1,056,768           109,849             1,166,617           
2017                12                  1,032,310           122,215             1,154,525           
2017                TOTAL               12,548,094          1,797,943           14,346,037          
2018                1                   923,476             116,882             1,040,358           
2018                2                   912,321             94,906              1,007,227           
2018                3                   1,054,007           129,587             1,183,594           
2018                4                   1,151,400           159,073             1,310,473           
2018                5                   1,215,844           178,058             1,393,902           
2018                6                   1,263,166           204,252             1,467,418           
2018                7                   1,236,591           240,341             1,476,932           
2018                8                   1,241,968           223,343             1,465,311           
2018                9                   1,059,965           159,440             1,219,405           
2018                10                  1,146,933           175,410             1,322,343           
2018                11                  1,101,795           119,052             1,220,847           
2018                12                  1,080,014           129,911             1,209,925           
2018                TOTAL               13,387,480          1,930,255           15,317,735          
2019                1                   934,824             123,994             1,058,818           
2019                2                   906,994             97,525              1,004,519           
2019                3                   1,184,676           146,691             1,331,367           
2019                4                   1,172,582           169,201             1,341,783           
2019                5                   1,303,933           184,582             1,488,515           
2019                6                   1,270,880           212,430             1,483,310           
2019                7                   1,293,457           246,786             1,540,243           
2019                8                   1,329,026           233,506             1,562,532           
2019                9                   1,125,855           173,478             1,299,333           
2019                10                  1,226,918           172,186             1,399,104           
2019                11                  1,146,614                                                   
2019                12                  1,166,813                                                   
2019                TOTAL               14,062,572          1,760,379           13,509,524          
2020                1                   979,545                                                     
2020                TOTAL               979,545             0                   0                   
