Year                Month               DOM                 INTER               TOTAL               
2002                10                  915,470             286,708             1,202,178           
2002                11                  831,029             258,839             1,089,868           
2002                12                  966,707             297,720             1,264,427           
2002                TOTAL               10,915,431          3,462,501           14,377,932          
2003                1                   757,505             266,743             1,024,248           
2003                2                   709,874             221,850             931,724             
2003                3                   860,106             244,025             1,104,131           
2003                4                   843,806             193,945             1,037,751           
2003                5                   885,800             219,026             1,104,826           
2003                6                   1,015,994           263,641             1,279,635           
2003                7                   1,087,004           307,228             1,394,232           
2003                8                   1,098,104           332,106             1,430,210           
2003                9                   849,512             281,325             1,130,837           
2003                10                  924,918             295,392             1,220,310           
2003                11                  888,193             272,276             1,160,469           
2003                12                  953,534             300,882             1,254,416           
2003                TOTAL               10,874,350          3,198,439           14,072,789          
2004                1                   785,999             277,255             1,063,254           
2004                2                   784,474             240,901             1,025,375           
2004                3                   957,180             281,865             1,239,045           
2004                4                   989,400             279,736             1,269,136           
2004                5                   1,016,174           321,068             1,337,242           
2004                6                   1,142,625           345,180             1,487,805           
2004                7                   1,188,024           344,149             1,532,173           
2004                8                   1,172,231           339,499             1,511,730           
2004                9                   977,646             304,304             1,281,950           
2004                10                  1,041,457           302,941             1,344,398           
2004                11                  940,864             271,627             1,212,491           
2004                12                  985,818             306,488             1,292,306           
2004                TOTAL               11,981,892          3,615,013           15,596,905          
2005                1                   837,042             293,851             1,130,893           
2005                2                   794,207             255,313             1,049,520           
2005                3                   1,003,694           316,683             1,320,377           
2005                4                   952,107             302,978             1,255,085           
2005                5                   1,043,063           348,832             1,391,895           
2005                6                   1,163,093           374,962             1,538,055           
2005                7                   1,185,206           368,143             1,553,349           
2005                8                   1,164,779           358,053             1,522,832           
2005                9                   999,943             321,931             1,321,874           
2005                10                  1,038,618           325,783             1,364,401           
2005                11                  990,079             292,861             1,282,940           
2005                12                  1,000,432           331,351             1,331,783           
2005                TOTAL               12,172,263          3,890,741           16,063,004          
2006                1                   850,818             304,918             1,155,736           
2006                2                   811,025             265,481             1,076,506           
2006                3                   996,955             324,950             1,321,905           
2006                4                   1,024,419           326,778             1,351,197           
2006                5                   1,024,659           358,079             1,382,738           
2006                6                   1,151,932           391,396             1,543,328           
2006                7                   1,176,957           377,965             1,554,922           
2006                8                   1,143,716           366,116             1,509,832           
2006                9                   980,847             348,996             1,329,843           
2006                10                  1,036,956           342,534             1,379,490           
2006                11                  984,842             314,159             1,299,001           
2006                12                  997,583             351,423             1,349,006           
2006                TOTAL               12,180,709          4,072,795           16,253,504          
2007                1                   857,992             320,017             1,178,009           
2007                2                   827,395             289,080             1,116,475           
2007                3                   1,034,809           343,624             1,378,433           
2007                4                   1,059,006           324,524             1,383,530           
2007                5                   1,108,669           377,363             1,486,032           
2007                6                   1,219,406           399,275             1,618,681           
2007                7                   1,223,040           401,009             1,624,049           
2007                8                   1,266,351           388,669             1,655,020           
2007                9                   1,088,715           352,446             1,441,161           
2007                10                  1,158,530           363,761             1,522,291           
2007                11                  1,097,266           328,594             1,425,860           
2007                12                  1,079,169           361,795             1,440,964           
2007                TOTAL               13,020,348          4,250,157           17,270,505          
2008                1                   916,889             313,904             1,230,793           
2008                2                   944,624             303,385             1,248,009           
2008                3                   1,151,845           346,017             1,497,862           
2008                4                   1,131,191           321,229             1,452,420           
2008                5                   1,225,800           377,112             1,602,912           
2008                6                   1,325,666           423,091             1,748,757           
2008                7                   1,356,716           391,942             1,748,658           
2008                8                   1,367,465           390,341             1,757,806           
2008                9                   1,138,972           336,463             1,475,435           
2008                10                  1,199,858           347,808             1,547,666           
2008                11                  1,071,915           297,733             1,369,648           
2008                12                  1,128,348           339,137             1,467,485           
2008                TOTAL               13,959,289          4,188,162           18,147,451          
2009                1                   967,778             302,654             1,270,432           
2009                2                   912,444             253,504             1,165,948           
2009                3                   1,139,042           302,707             1,441,749           
2009                4                   1,168,353           316,997             1,485,350           
2009                5                   1,243,222           332,944             1,576,166           
2009                6                   1,344,545           384,315             1,728,860           
2009                7                   1,403,735           381,368             1,785,103           
2009                8                   1,400,355           378,860             1,779,215           
2009                9                   1,235,532           328,198             1,563,730           
2009                10                  1,284,815           336,382             1,621,197           
2009                11                  1,186,995           294,821             1,481,816           
2009                12                  1,218,525           326,839             1,545,364           
2009                TOTAL               14,505,341          3,939,589           18,444,930          
2010                1                   1,101,452           299,141             1,400,593           
2010                2                   974,046             266,042             1,240,088           
2010                3                   1,215,081           314,986             1,530,067           
2010                4                   1,225,088           310,269             1,535,357           
2010                5                   1,280,580           380,088             1,660,668           
2010                6                   1,386,547           412,951             1,799,498           
2010                7                   1,402,828           408,156             1,810,984           
2010                8                   1,418,437           396,799             1,815,236           
2010                9                   1,283,797           369,498             1,653,295           
2010                10                  1,357,595           378,040             1,735,635           
2010                11                  1,252,659           317,665             1,570,324           
2010                12                  1,251,298           335,630             1,586,928           
2010                TOTAL               15,149,408          4,189,265           19,338,673          
2011                1                   1,077,602           317,488             1,395,090           
2011                2                   1,012,511           275,930             1,288,441           
2011                3                   1,229,237           322,526             1,551,763           
2011                4                   1,239,366           332,638             1,572,004           
2011                5                   1,347,699           399,326             1,747,025           
2011                6                   1,452,955           422,177             1,875,132           
2011                7                   1,486,220           417,147             1,903,367           
2011                8                   1,472,134           416,080             1,888,214           
2011                9                   1,368,075           378,150             1,746,225           
2011                10                  1,385,693           374,715             1,760,408           
2011                11                  1,309,092           320,547             1,629,639           
2011                12                  1,333,805           357,737             1,691,542           
2011                TOTAL               15,714,389          4,334,461           20,048,850          
2012                1                   1,183,540           326,014             1,509,554           
2012                2                   1,148,012           291,224             1,439,236           
2012                3                   1,343,485           340,569             1,684,054           
2012                4                   1,353,705           353,261             1,706,966           
2012                5                   1,417,363           428,253             1,845,616           
2012                6                   1,549,090           454,063             2,003,153           
2012                7                   1,580,251           433,921             2,014,172           
2012                8                   1,634,071           444,659             2,078,730           
2012                9                   1,398,872           391,961             1,790,833           
2012                10                  1,452,490           392,505             1,844,995           
2012                11                  1,345,102           335,728             1,680,830           
2012                12                  1,331,370           362,337             1,693,707           
2012                TOTAL               16,737,351          4,554,495           21,291,846          
2013                1                   1,174,537           332,929             1,507,466           
2013                2                   1,132,204           299,511             1,431,715           
2013                3                   1,387,834           352,459             1,740,293           
2013                4                   1,370,595           347,568             1,718,163           
2013                5                   1,469,665           441,368             1,911,033           
2013                6                   1,565,048           467,004             2,032,052           
2013                7                   1,527,386           446,002             1,973,388           
2013                8                   1,621,479           471,742             2,093,221           
2013                9                   1,408,570           411,474             1,820,044           
2013                10                  1,479,370           416,915             1,896,285           
2013                11                  1,355,951           353,073             1,709,024           
2013                12                  1,471,885           386,338             1,858,223           
2013                TOTAL               16,964,524          4,726,383           21,690,907          
2014                1                   1,265,521           361,209             1,626,730           
2014                2                   1,157,507           320,979             1,478,486           
2014                3                   1,445,102           379,508             1,824,610           
2014                4                   1,475,097           380,201             1,855,298           
2014                5                   1,545,111           467,040             2,012,151           
2014                6                   1,620,861           495,062             2,115,923           
2014                7                   1,642,604           481,230             2,123,834           
2014                8                   1,677,272           497,438             2,174,710           
2014                9                   1,466,079           420,204             1,886,283           
2014                10                  1,554,456           431,311             1,985,767           
2014                11                  1,416,901           355,323             1,772,224           
2014                12                  1,478,449           408,353             1,886,802           
2014                TOTAL               17,744,960          4,997,858           22,742,818          
2015                1                   1,303,249           375,593             1,678,842           
2015                2                   1,215,713           345,868             1,561,581           
2015                3                   1,527,405           414,339             1,941,744           
2015                4                   1,526,384           406,570             1,932,954           
2015                5                   1,621,799           501,844             2,123,643           
2015                6                   1,693,746           534,221             2,227,967           
2015                7                   1,755,716           522,503             2,278,219           
2015                8                   1,750,187           536,671             2,286,858           
2015                9                   1,580,244           464,634             2,044,878           
2015                10                  1,681,369           473,744             2,155,113           
2015                11                  1,551,073           410,342             1,961,415           
2015                12                  1,576,830           456,155             2,032,985           
2015                TOTAL               18,783,715          5,442,484           24,226,199          
2016                1                   1,348,852           418,197             1,767,049           
2016                2                   1,314,959           384,830             1,699,789           
2016                3                   1,597,087           435,539             2,032,626           
2016                4                   1,562,407           435,505             1,997,912           
2016                5                   1,692,060           522,974             2,215,034           
2016                6                   1,831,928           598,410             2,430,338           
2016                7                   1,867,664           591,734             2,459,398           
2016                8                   1,847,614           588,619             2,436,233           
2016                9                   1,677,495           519,816             2,197,311           
2016                10                  1,694,169           525,457             2,219,626           
2016                11                  1,618,603           464,872             2,083,475           
2016                12                  1,622,782           536,395             2,159,177           
2016                TOTAL               19,675,620          6,022,348           25,697,968          
2017                1                   1,354,688           454,715             1,809,403           
2017                2                   1,272,236           406,847             1,679,083           
2017                3                   1,633,065           481,316             2,114,381           
2017                4                   1,615,999           489,720             2,105,719           
2017                5                   1,701,768           561,953             2,263,721           
2017                6                   1,878,786           658,713             2,537,499           
2017                7                   1,959,895           640,120             2,600,015           
2017                8                   1,983,282           637,617             2,620,899           
2017                9                   1,730,426           550,834             2,281,260           
2017                10                  1,801,204           548,983             2,350,187           
2017                11                  1,746,901           480,368             2,227,269           
2017                12                  1,758,942           543,881             2,302,823           
2017                TOTAL               20,437,192          6,455,067           26,892,259          
2018                1                   1,467,190           467,676             1,934,866           
2018                2                   1,424,501           442,598             1,867,099           
2018                3                   1,743,189           525,372             2,268,561           
2018                4                   1,743,952           496,297             2,240,249           
2018                5                   1,821,613           604,554             2,426,167           
2018                6                   1,978,438           702,029             2,680,467           
2018                7                   2,030,585           673,378             2,703,963           
2018                8                   2,008,993           664,316             2,673,309           
2018                9                   1,657,768           550,609             2,208,377           
2018                10                  1,776,742           589,953             2,366,695           
2018                11                  1,672,312           530,716             2,203,028           
2018                12                  1,669,788           599,434             2,269,222           
2018                TOTAL               20,995,071          6,846,932           27,842,003          
2019                1                   1,417,061           514,168             1,931,229           
2019                2                   1,325,563           473,808             1,799,371           
2019                3                   1,684,616           558,515             2,243,131           
2019                4                   1,666,140           555,191             2,221,331           
2019                5                   1,759,229           669,527             2,428,756           
2019                6                   1,942,368           763,759             2,706,127           
2019                7                   1,972,129           690,422             2,662,551           
2019                8                   2,055,819           698,127             2,753,946           
2019                9                   1,531,452           602,562             2,134,014           
2019                10                  1,732,111           610,191             2,342,302           
2019                11                  1,598,146                                                   
2019                12                  1,696,872                                                   
2019                TOTAL               20,381,506          6,136,270           23,222,758          
2020                1                   1,431,079                                                   
2020                TOTAL               1,431,079           0                   0                   
